1.886000000000000000e+03
8.000000000000000000e+01
9.160000000000000000e+02
2.620000000000000000e+02
7.240000000000000000e+02
4.630000000000000000e+02
6.890000000000000000e+02
3.710000000000000000e+02
7.720000000000000000e+02
1.550000000000000000e+02
4.520000000000000000e+02
6.060000000000000000e+02
1.798000000000000000e+03
2.430000000000000000e+02
9.310000000000000000e+02
1.000000000000000000e+02
1.545000000000000000e+03
1.830000000000000000e+02
8.500000000000000000e+02
2.840000000000000000e+02
9.800000000000000000e+02
2.520000000000000000e+02
5.510000000000000000e+02
5.770000000000000000e+02
7.690000000000000000e+02
5.230000000000000000e+02
8.540000000000000000e+02
5.800000000000000000e+02
6.770000000000000000e+02
4.960000000000000000e+02
1.022000000000000000e+03
3.990000000000000000e+02
1.849000000000000000e+03
2.240000000000000000e+02
1.311000000000000000e+03
4.520000000000000000e+02
9.690000000000000000e+02
5.890000000000000000e+02
1.012000000000000000e+03
1.177000000000000000e+03
8.110000000000000000e+02
5.130000000000000000e+02
1.331000000000000000e+03
2.730000000000000000e+02
